0 0.41064453125 0.1293888166449935 0.0556640625 0.0741222366710013
0 0.54833984375 0.26202860858257476 0.0439453125 0.05851755526657997
0 0.54248046875 0.18270481144343304 0.0556640625 0.0741222366710013
0 0.27490234375 0.23472041612483746 0.0576171875 0.07672301690507152
0 0.69189453125 0.1657997399219766 0.0615234375 0.08192457737321196
0 0.490234375 0.2743823146944083 0.05859375 0.07802340702210664
0 0.884765625 0.14174252275682706 0.0703125 0.09362808842652796
0 0.1337890625 0.2600780234070221 0.060546875 0.08062418725617686
0 0.701171875 0.3237971391417426 0.06640625 0.08842652795838751
0 0.38037109375 0.3088426527958387 0.0693359375 0.09232769830949285
0 0.48388671875 0.8511053315994799 0.0498046875 0.06631989596879063
